1 2 3   4   5   6   7   8   9  10  11  12  13   14  15    16    17    18    19    20   21   22  23
C G J   X   N   S   U   O   A  E   B   H   I    F   K     L     Q     R     T     V    U    W   Z 
3 7 10  24  14  19  21  15  1  5   2   8   9    6   11    12    17    18    20    22   21   23  25

1 2 3 4 5 6 7 8 9 10  11  12  13  14  15  16  17  18  19  20  21  22  23  24  25
A B C D E F G H I J   K   L   M   N   O   P   Q   R   S   T   U   V   W   X   Z

1[3]

2[3 7]

3[3 7 10]

4[3 7 10 24]

5 [10]
[3 7][14 24]

6 [10]
[3 7][14 19 24]

7  [10 ]
[3 7][14 19 21 24]

8  [10 19]
[3 7][14 15][21 24]

9  [10 19]
[1 3 7][14 15][21 24]

10  [10 19]
[1 3 5 7][14 15][21 24]

11    [3 10 19 ]
[1 2 ][5 7 ][14 15 ][21 24 ]

12    [3 10 19 ]
[1 2 ][5 7 8 ][14 15 ][21 24 ]

13    [3 10 19 ]
[1 2 ][5 7 8 9 ][14 15 ][21 24 ]

14    [3 7 10 19 ]
[1 2 ][5 6 ][8 9 ][14 15 ][21 24 ]

15    [3 7 10 19 ]
[1 2 ][5 6 ][8 9 ][11 14 15 ][21 24 ]

16    [3 7 10 19 ]
[1 2 ][5 6 ][8 9 ][11 12 14 15 ][21 24 ]

17          [10 ]
    [3 7 ]	 	    [14 19 ]
[1 2 ][5 6 ][8 9 ]	[11 12 ][15 17 ][21 24 ]

18          [10 ]
    [3 7 ]	 	    [14 19 ]
[1 2 ][5 6 ][8 9 ]	[11 12 ][15 17 18 ][21 24 ]

19          [10 ]
    [3 7 ]	 	    [14 19 ]
[1 2 ][5 6 ][8 9 ]	[11 12 ][15 17 18 ][20 21 24 ]

20          [10 ]
    [3 7 ]	 	    [14 19 ]
[1 2 ][5 6 ][8 9 ]	[11 12 ][15 17 18 ][20 21 22 24 ]

21 -> 9 14 19 5 18 5  15  21  4 5  14 15 22 15 ??

22          [10 ]
    [3 7 ]	 	    [14 19 22 ]
[1 2 ][5 6 ][8 9 ]	[11 12 ][15 17 18 ][20 21 ][23 24 ]

23          [10 ]
    [3 7 ]	 	    [14 19 22 ]
[1 2 ][5 6 ][8 9 ]	[11 12 ][15 17 18 ][20 21 ][23 24 25 ]